ISS (ZARYA)             
1 25544U 98067A   20177.54743984  .00000643  00000-0  19557-4 0  9995
2 25544  51.6448 307.0852 0002519  82.7533 354.3691 15.49459678233311
KESTREL EYE IIM (KE2M)  
1 42982U 98067NE  20177.52355489  .00007911  00000-0  68494-4 0  9996
2 42982  51.6332 240.1410 0003039 110.2440 249.8884 15.70248923152345
DELLINGR (RBLE)         
1 43021U 98067NJ  20177.44847176  .00008144  00000-0  68434-4 0  9994
2 43021  51.6345 238.9614 0001760  66.1596 293.9586 15.70929428148121
UBAKUSAT                
1 43467U 98067NQ  20177.46946968  .00018588  00000-0  12158-3 0  9993
2 43467  51.6343 240.4613 0001932  29.2367 330.8741 15.75872558121375
CUBERRT                 
1 43546U 98067NU  20177.50858612  .00024043  00000-0  16955-3 0  9996
2 43546  51.6333 240.0118 0002795  98.1013 262.0303 15.73933376111518
TEMPEST-D               
1 43547U 98067NV  20177.53296768  .00003269  00000-0  41642-4 0  9997
2 43547  51.6364 271.0819 0005016  85.3895 274.7672 15.62667089110780
RAINCUBE                
1 43548U 98067NW  20177.45197820  .00018347  00000-0  12643-3 0  9999
2 43548  51.6305 248.5962 0002743  96.5326 263.5985 15.74673590111524
HALOSAT                 
1 43549U 98067NX  20177.45820672  .00018645  00000-0  13287-3 0  9994
2 43549  51.6337 249.4725 0002407 101.5000 258.6269 15.73876327111072
ENDUROSAT ONE           
1 43551U 98067NZ  20177.45029851  .00037794  00000-0  18150-3 0  9997
2 43551  51.6319 237.2730 0002222  58.6684 301.4536 15.82296719111649
EQUISAT                 
1 43552U 98067PA  20177.47931520  .00018760  00000-0  12877-3 0  9997
2 43552  51.6324 247.3958 0002819 106.6976 253.4333 15.74746314111474
RADSAT-G                
1 43553U 98067PB  20177.49650023  .00010975  00000-0  95060-4 0  9992
2 43553  51.6394 255.9583 0004266 107.9992 252.1471 15.69743183111419
1998-067PC              
1 43554U 98067PC  20177.40064150  .00046841  00000-0  19807-3 0  9999
2 43554  51.6281 234.6251 0002241  46.5555 313.5635 15.84895561111212
AEROCUBE 12A            
1 43556U 18046C   20177.40629921  .00000124  00000-0  16605-4 0  9991
2 43556  51.6432  67.3451 0007941 328.8887  31.1622 15.29827132108595
AEROCUBE 12B            
1 43557U 18046D   20177.40327155 -.00000026  00000-0  11549-4 0  9990
2 43557  51.6433  68.0626 0007974 328.4643  31.5858 15.29539668108534
LEMUR-2-VU              
1 43558U 18046E   20177.55896559  .00002698  00000-0  10043-3 0  9999
2 43558  51.6416  63.2056 0007250 333.8317  26.2296 15.31100093108654
LEMUR-2-ALEXANDER       
1 43559U 18046F   20177.39173593  .00001132  00000-0  48946-4 0  9994
2 43559  51.6416  63.6025 0007260 334.0587  26.0029 15.31244765108419
LEMUR-2-YUASA           
1 43560U 18046G   20177.38271286  .00001661  00000-0  66618-4 0  9996
2 43560  51.6415  64.2726 0007628 347.2184  12.8603 15.31028572108622
LEMUR-2-TOMHENDERSON    
1 43561U 18046H   20177.39770000  .00000793  00000-0  38330-4 0  9991
2 43561  51.6432  64.3704 0007815 346.0725  14.0040 15.30825265108188
SIRIUSSAT-1             
1 43595U 98067PG  20177.58365473  .00020597  00000-0  13830-3 0  9995
2 43595  51.6291 249.4356 0001877  44.3613 315.7536 15.75185421106308
SIRIUSSAT-2             
1 43596U 98067PH  20177.58258651  .00020592  00000-0  13895-3 0  9991
2 43596  51.6296 250.2554 0002148  48.4209 311.6974 15.75070853106293
TANUSHA-3               
1 43597U 98067PJ  20177.54490708  .00059897  00000-0  22480-3 0  9999
2 43597  51.6261 236.2044 0004106  10.5987 349.5103 15.87247097106476
1998-067PK              
1 43598U 98067PK  20177.52541017  .00075780  00000-0  25363-3 0  9990
2 43598  51.6256 234.5873 0004795   8.9969 351.1122 15.89455906106491
1998-067PN              
1 43638U 98067PN  20177.50886616  .00006783  00000-0  75233-4 0  9999
2 43638  51.6358 270.9007 0002190  63.2883 296.8336 15.64277540 97948
1998-067PP              
1 43639U 98067PP  20177.51573719  .00012143  00000-0  10707-3 0  9999
2 43639  51.6350 261.9429 0003543  61.8348 298.3007 15.69179737 98062
STARS-ME                
1 43640U 98067PQ  20177.46663256  .00008174  00000-0  83820-4 0  9997
2 43640  51.6345 267.5771 0004138  59.2991 300.8412 15.65958504 97988
ISS DEB (SEDA-AP)       
1 43870U 98067PU  20177.50594846  .00002166  00000-0  35078-4 0  9992
2 43870  51.6386 285.9430 0004534  79.5406 280.6097 15.57900293 85917
CATSAT-2                
1 44029U 98067PV  20177.54925234  .00012420  00000-0  12670-3 0  9998
2 44029  51.6382 275.0032 0003457 113.1621 246.9739 15.65513481 79790
DELPHINI                
1 44030U 98067PW  20177.49768276  .00012682  00000-0  12429-3 0  9997
2 44030  51.6340 273.7903 0003070 107.0286 253.1046 15.66502852 79778
UNITE                   
1 44031U 98067PX  20177.56473842  .00006082  00000-0  75773-4 0  9997
2 44031  51.6377 281.0682 0003031 102.5710 257.5622 15.61451416 79686
CATSAT-1                
1 44033U 98067PZ  20177.54911423  .00011301  00000-0  11580-3 0  9994
2 44033  51.6384 275.0090 0003382 110.0677 250.0682 15.65510807 79708
ISS DEB                 
1 44303U 98067QA  20177.50656307  .00002268  00000-0  41158-4 0  9994
2 44303  51.6420 298.7712 0005352   3.5254 356.5773 15.54377746 61017
ISS DEB                 
1 44304U 98067QB  20177.55020284  .00011761  00000-0  13886-3 0  9993
2 44304  51.6393 289.3085 0004573 342.1253  17.9580 15.61805680 61151
ISS DEB                 
1 44305U 98067QC  20177.55953133  .00016930  00000-0  17727-3 0  9993
2 44305  51.6350 285.4842 0003081  35.7143 324.4058 15.64544584 61207
ISS DEB                 
1 44306U 98067QD  20177.59151704  .00002460  00000-0  43955-4 0  9998
2 44306  51.6407 298.5356 0006556 358.8423   1.2552 15.54432201 61037
RAAVANA-1               
1 44329U 98067QE  20177.59572883  .00006510  00000-0  91591-4 0  9997
2 44329  51.6401 293.3308 0005861  34.9921 325.1456 15.58034276 58276
UGUISU                  
1 44330U 98067QF  20177.60865233  .00006261  00000-0  88629-4 0  9996
2 44330  51.6383 293.4105 0005887  33.8540 326.2827 15.57946727 58250
NEPALISAT-1             
1 44331U 98067QG  20177.58804171  .00006377  00000-0  89791-4 0  9997
2 44331  51.6383 293.2752 0005913  37.1538 322.9863 15.58054856 58269
SPOOQY-1                
1 44332U 98067QH  20177.59197084  .00006242  00000-0  88342-4 0  9999
2 44332  51.6391 293.2995 0004911  40.1920 319.9434 15.57959857 58224
PINOT                   
1 44364U 98067QJ  20177.56812326  .00002918  00000-0  51192-4 0  9993
2 44364  51.6420 299.1647 0006870   0.0407   0.0584 15.54206923 56602
IOD-1 GEMS              
1 44385U 98067QK  20177.50299135  .00009889  00000-0  12433-3 0  9995
2 44385  51.6403 292.0086 0002417 356.3446   3.7529 15.60371326 55759
SWIATOWID               
1 44426U 98067QL  20177.53153749  .00012654  00000-0  15184-3 0  9994
2 44426  51.6418 291.2088 0002459 350.6314 112.1036 15.61304153 55776
KRAKSAT                 
1 44427U 98067QM  20177.62050435  .00004388  00000-0  68615-4 0  9996
2 44427  51.6440 296.4999 0003163 352.9542  21.4909 15.56058853 55757
VCC A                   
1 44428U 98067QN  20177.59169120  .00006077  00000-0  87985-4 0  9993
2 44428  51.6408 294.8480 0002527  12.8264 347.2791 15.57394204 55779
ENTRYSAT                
1 44429U 98067QP  20177.62017809  .00007579  00000-0  10410-3 0  9990
2 44429  51.6393 293.5104 0002276   1.9064 358.1936 15.58406336 55795
VCC C                   
1 44430U 98067QQ  20177.58698791  .00008500  00000-0  11099-3 0  9991
2 44430  51.6389 292.5482 0002159  16.5908 343.5155 15.59581672 54630
VCC B                   
1 44431U 98067QR  20177.59119076  .00006273  00000-0  90471-4 0  9994
2 44431  51.6398 294.8295 0002645  11.8609 348.2445 15.57435346 55712
ISS DEB                 
1 44788U 98067QT  20177.54569377  .00009866  00000-0  14675-3 0  9999
2 44788  51.6402 301.2518 0004814  26.8970 333.2271 15.55830415 34656
ISS DEB                 
1 44789U 98067QU  20177.58079408  .00009320  00000-0  14056-3 0  9993
2 44789  51.6410 301.5094 0005778  29.3491 330.7824 15.55525478 34649
RWASAT-1                
1 44790U 98067QV  20177.52964662 -.00000478  00000-0  00000-0 0  9991
2 44790  51.6453 303.2356 0008560  52.1575  24.5138 15.52867191 33886
AQT-D                   
1 44791U 98067QW  20177.61605691  .00000979  00000-0  23072-4 0  9999
2 44791  51.6455 303.2322 0007390  18.0955 342.0297 15.52757578 33897
NARSSCUBE-1             
1 44792U 98067QX  20177.54477971  .00005032  00000-0  84477-4 0  9991
2 44792  51.6412 302.7470 0005425  45.2385 314.9046 15.53698874 33899
PROGRESS-MS 13          
1 44833U 19085A   20177.54743984  .00000643  00000-0  19557-4 0  9990
2 44833  51.6448 307.0852 0002519  82.7533 354.3691 15.49459678233313
STPSAT-4                
1 45043U 98067QY  20177.56214803  .00001823  00000-0  39938-4 0  9992
2 45043  51.6429 306.6022 0005985  42.1367 318.0081 15.50003083 23083
HARP                    
1 45256U 98067QZ  20177.62151857  .00003671  00000-0  69489-4 0  9991
2 45256  51.6429 305.5073 0007544  32.8216 327.3240 15.51149840 19779
1998-067RA              
1 45257U 98067RA  20177.62099445  .00002888  00000-0  56460-4 0  9990
2 45257  51.6428 305.5003 0008263  35.0955 325.0578 15.51089389 19776
PHOENIX                 
1 45258U 98067RB  20177.56485492  .00002489  00000-0  50033-4 0  9992
2 45258  51.6425 305.8700 0006230  17.3037 342.8164 15.50919197 19739
1998-067RC              
1 45259U 98067RC  20177.54439329  .00004103  00000-0  75938-4 0  9995
2 45259  51.6422 305.7384 0007439  32.7613 327.3837 15.51458398 19767
CRYOCUBE                
1 45260U 98067RD  20177.59715481  .00004121  00000-0  75892-4 0  9997
2 45260  51.6422 305.3418 0008186  31.7839 328.3643 15.51588639 19782
AZTECHSAT-1             
1 45261U 98067RE  20177.58396804  .00004973  00000-0  88953-4 0  9998
2 45261  51.6422 305.2539 0007908  31.9681 328.1787 15.51916165 19779
RADSAT-U                
1 45262U 98067RF  20177.55266423  .00003029  00000-0  58710-4 0  9998
2 45262  51.6433 305.7973 0007385  67.5413 292.6358 15.51156128 19770
QARMAN                  
1 45263U 98067RG  20177.62284423  .00004257  00000-0  79035-4 0  9994
2 45263  51.6423 305.5113 0007426  29.9193 330.2219 15.51256375 19801
SORTIE                  
1 45264U 98067RH  20177.58598081  .00001957  00000-0  41513-4 0  9992
2 45264  51.6431 306.0175 0007973  39.9143 320.2431 15.50567126 19766
ICS-EF (ISS DEB)        
1 45265U 98067RJ  20177.57333456  .00001039  00000-0  26394-4 0  9996
2 45265  51.6443 306.6745 0005847  42.6068 317.5374 15.49779615 19439
SOYUZ-MS 16             
1 45476U 20023A   20177.54743984  .00000643  00000-0  19557-4 0  9998
2 45476  51.6448 307.0852 0002519  82.7533 354.3691 15.49459678233317
PROGRESS-MS 14          
1 45595U 20026A   20177.54743984  .00000643  00000-0  19557-4 0  9993
2 45595  51.6448 307.0852 0002519  82.7533 354.3691 15.49459678233319
G-SAT                   
1 45597U 98067RK  20177.62546221  .00003202  00000-0  62681-4 0  9999
2 45597  51.6431 306.2768 0005612  91.5569 268.6063 15.50651881  9137
QUETZAL-1               
1 45598U 98067RL  20177.57206800  .00004027  00000-0  77432-4 0  9996
2 45598  51.6432 306.6696 0003351 114.6477 245.4862 15.50400871  9058
HTV-9 (KOUNOTORI 9)     
1 45607U 20030A   20177.54743984  .00000643  00000-0  19557-4 0  9992
2 45607  51.6448 307.0852 0002519  82.7533 354.3691 15.49459678233313
CREW DRAGON DEMO-2      
1 45623U 20033A   20177.54743984  .00000643  00000-0  19557-4 0  9993
2 45623  51.6448 307.0852 0002519  82.7533 354.3691 15.49459678233311
RED-EYE 2 (MERLOT)      
1 45800U 98067RM  20177.59738244  .00002101  00000-0  45326-4 0  9994
2 45800  51.6434 306.8357 0001778  78.6605 281.4583 15.49620700  1296
1998-067RN              
1 45809U 98067RN  20177.46899596  .00005179  00000-0  10000-3 0  9995
2 45809  51.6456 307.4753 0002067  62.4743 297.6034 15.49603499   253
